1773103051830 0.9063833333333333 0
1773103062557 0.9559833333333333 1
1773103072387 0.9684666666666667 2
1773103082009 0.9761 3
1773103092032 0.9807166666666667 4
1773103102065 0.98405 5
1773103111635 0.98705 6
1773103122268 0.9892666666666666 7
1773103132155 0.9916333333333334 8
1773103143711 0.9932 9
1773103154197 0.9942 10
1773103163868 0.99505 11
1773103175356 0.9965333333333334 12
1773103185697 0.9972333333333333 13
1773103195192 0.9972333333333333 14
1773103204364 0.9978166666666667 15
1773103214798 0.9981333333333333 16
1773103223991 0.9982666666666666 17
1773103233139 0.9992833333333333 18
1773103242860 0.9984333333333333 19
1773103051830 0.9063833333333333 0
