1773103051826 0.3431184641452931 0
1773103062552 0.15264616080565746 1
1773103072382 0.10684228874742985 2
1773103082005 0.0813576540947437 3
1773103092027 0.06533329007771811 4
1773103102061 0.05277516478513763 5
1773103111631 0.043007571096055464 6
1773103122264 0.03579418269271003 7
1773103132150 0.029160188311568972 8
1773103143703 0.023656816680981185 9
1773103154193 0.02042041261551846 10
1773103163861 0.017195002629552217 11
1773103175348 0.013998080713442091 12
1773103185692 0.011585250545639608 13
1773103195188 0.011145801546330974 14
1773103204361 0.008716796290626857 15
1773103214795 0.007561147315885007 16
1773103223986 0.006853051184316234 17
1773103233135 0.004244297726895474 18
1773103242855 0.006405589158726906 19
1773103051826 0.3431184641452931 0
