1773102406184 0.6805333333333333 0
1773102420039 0.6796 1
1773102434336 0.6475833333333333 2
1773102444701 0.64775 3
1773102455177 0.6280333333333333 4
1773102466368 0.6510166666666667 5
1773102476515 0.6433 6
1773102490037 0.6324 7
1773102505834 0.6489666666666667 8
1773102521548 0.6409666666666667 9
1773102534435 0.6379666666666667 10
1773102551374 0.5851333333333333 11
1773102568162 0.64825 12
1773102580953 0.6322166666666666 13
1773102594152 0.62095 14
1773102606051 0.6244666666666666 15
1773102622476 0.6389833333333333 16
1773102633406 0.6444166666666666 17
1773102644309 0.6284666666666666 18
1773102655086 0.6475166666666666 19
1773102406184 0.6805333333333333 0
