1773102406178 1.0476027172066764 0
1773102420034 0.9686763686284836 1
1773102434331 1.0528202580172878 2
1773102444696 1.0651453175524404 3
1773102455173 1.1034830262793152 4
1773102466363 1.03137513134144 5
1773102476510 1.0798818145924285 6
1773102490019 1.0901981040612976 7
1773102505826 1.0342187768996143 8
1773102521541 1.083198669495613 9
1773102534426 1.0746783255132786 10
1773102551366 1.1865374448456998 11
1773102568158 1.0424223322349826 12
1773102580945 1.0756628167972382 13
1773102594146 1.159844135615363 14
1773102606041 1.0998631788850592 15
1773102622469 1.0921693929095766 16
1773102633402 1.0096172408254416 17
1773102644305 1.084929662663291 18
1773102655080 1.0410043098397854 19
1773102406178 1.0476027172066764 0
