1773103765672 0.8908333333333334 0
1773103775795 0.9442333333333334 1
1773103786946 0.9588666666666666 2
1773103796299 0.96785 3
1773103805656 0.9740333333333333 4
1773103816342 0.9784166666666667 5
1773103825119 0.98205 6
1773103834367 0.9844833333333334 7
1773103843972 0.9866666666666667 8
1773103854535 0.9889666666666667 9
1773103865848 0.9912666666666666 10
1773103882541 0.9925 11
1773103893120 0.9940333333333333 12
1773103902104 0.99475 13
1773103911816 0.99585 14
1773103920481 0.9967833333333334 15
1773103930266 0.99725 16
1773103939658 0.9980166666666667 17
1773103948669 0.9976666666666667 18
1773103957671 0.9984833333333333 19
1773103765672 0.8908333333333334 0
