1773103765666 0.41396811434518554 0
1773103775790 0.1953415231886449 1
1773103786941 0.14285510806227797 2
1773103796295 0.11094431236370413 3
1773103805652 0.08960504550288227 4
1773103816337 0.0751668261066238 5
1773103825116 0.06267053203613583 6
1773103834360 0.05315177382698763 7
1773103843967 0.04592020750276125 8
1773103854529 0.0387423619774899 9
1773103865838 0.033184898090856604 10
1773103882533 0.02898321318269364 11
1773103893114 0.02417517748665311 12
1773103902100 0.020702519457288848 13
1773103911810 0.018024329671453534 14
1773103920477 0.014574699159930033 15
1773103930260 0.013360516764650514 16
1773103939653 0.01088872065480703 17
1773103948664 0.010399490958754854 18
1773103957667 0.008395661970030572 19
1773103765666 0.41396811434518554 0
