1773102755407 0.9332833333333334 0
1773102766032 0.9630166666666666 1
1773102775984 0.9686 2
1773102787273 0.9727666666666667 3
1773102798428 0.9740666666666666 4
1773102810103 0.97705 5
1773102820620 0.9783 6
1773102830385 0.9801833333333333 7
1773102840010 0.9796 8
1773102850476 0.9830833333333333 9
1773102860195 0.9830333333333333 10
1773102870429 0.9845333333333334 11
1773102882538 0.9849833333333333 12
1773102892904 0.98425 13
1773102902564 0.9859 14
1773102912841 0.9872333333333333 15
1773102922225 0.9877666666666667 16
1773102932103 0.9887 17
1773102942229 0.9876166666666667 18
1773102952256 0.9875166666666667 19
1773102755407 0.9332833333333334 0
