1773102755402 0.22162252922814443 0
1773102766026 0.12724501830535626 1
1773102775980 0.10975818660781422 2
1773102787268 0.09412190226129571 3
1773102798424 0.09141788253960793 4
1773102810097 0.08468620423158046 5
1773102820615 0.07850639724592393 6
1773102830379 0.07828549508356054 7
1773102840005 0.07939209426621324 8
1773102850471 0.06508899501030581 9
1773102860191 0.06949828595056065 10
1773102870423 0.06268987800485862 11
1773102882531 0.0625197740108372 12
1773102892899 0.07174981930883975 13
1773102902559 0.06751375329124747 14
1773102912836 0.05725482298118707 15
1773102922221 0.053167540493153614 16
1773102932098 0.05378556589925448 17
1773102942225 0.05918606505104166 18
1773102952251 0.0647665733831454 19
1773102755402 0.22162252922814443 0
