1773103327232 0.9166666666666666 0
1773103341435 0.9610166666666666 1
1773103353949 0.9729666666666666 2
1773103368038 0.9792666666666666 3
1773103384540 0.9837833333333333 4
1773103398303 0.9869333333333333 5
1773103411672 0.9897 6
1773103425587 0.9915166666666667 7
1773103438745 0.9935833333333334 8
1773103454145 0.9942833333333333 9
1773103467692 0.99495 10
1773103481117 0.9959333333333333 11
1773103495309 0.996 12
1773103508168 0.99695 13
1773103520438 0.9969666666666667 14
1773103533128 0.9976333333333334 15
1773103547605 0.99775 16
1773103561448 0.9975 17
1773103581278 0.9985166666666667 18
1773103600017 0.99805 19
1773103327232 0.9166666666666666 0
