1773103327226 0.2999675417592128 0
1773103341430 0.13277166023229559 1
1773103353944 0.09177031412795186 2
1773103368030 0.06780537444191674 3
1773103384536 0.05267131727843856 4
1773103398298 0.04239237137620027 5
1773103411668 0.033814127432617046 6
1773103425582 0.0275340074262737 7
1773103438732 0.022299860635733543 8
1773103454136 0.018249948351612935 9
1773103467687 0.016260475773273112 10
1773103481112 0.013061976494568323 11
1773103495306 0.012293144146788594 12
1773103508164 0.009858481089628912 13
1773103520431 0.009406999059573961 14
1773103533122 0.007555422821678318 15
1773103547599 0.007580862991125226 16
1773103561442 0.007383054621476306 17
1773103581274 0.005020643143176494 18
1773103600007 0.00590327872463904 19
1773103327226 0.2999675417592128 0
